4077487995 3638494206 2044786292 3653323420 1346472715943360512.00
565357566 3520637303 2237710398 1542980852 -9919590299289010176.00
3904260328 3390176755 183831961 809575745 141757485651605280.00
1351017094 3362649947 4036100277 3892661948 -12178727881614540800.00
2036853066 3691154660 3595663437 2491488075 -8922467638785054720.00
882419331 242371551 677714428 2073562237 650654418845954176.00
2127554013 2643355555 3002676221 3569660425 -2323177544775020544.00
3891666434 2771318431 4174003495 129191630 7014504720509196288.00
100287968 2148988769 4032181260 3313663150 -12391099473360459776.00
2820308504 2314232018 4291829065 2787520040 3257990652269796352.00
4074800314 3377723054 2084721043 3611412438 2179817441903887104.00
3068310161 4026673680 2665898554 425712413 -3832349880593284096.00
510780977 1873653569 1651695344 4269536502 -3376575481227926528.00
2498070184 893891848 1761791840 3448952479 4239342447308551680.00
1570919744 2848635776 518617245 477199921 -993968354205515648.00
3988094939 3189051242 1826171099 3020559410 2188785753807672576.00
3342513763 2727132836 2432557629 921065334 2245424351537972992.00
2871672190 1669471399 900809513 3345600948 1624430857513285632.00
2127371400 3315980121 355274153 1386874417 -633422938270585600.00
2378104322 1492988481 1640518354 2658454759 2178073168990617088.00
4213822247 362170989 2522544531 288244288 14573942725630091264.00
3115050641 3870732739 15779846 2747579779 -17886826570095968.00
499391992 3407412935 1824080503 1118796402 -7956696460354565120.00
2672341516 1511409907 4208250601 1191836167 7328236710138013696.00
3083846625 3793510732 40035804 2960295757 -42617965915954112.00
2991385704 2724778774 2749158093 828395590 1099416897365588992.00
335152540 3243513651 66036379 3979413659 -288086464305293472.00
3042988988 4191230560 2418489328 1998542354 -4165514986343120896.00
3678632434 3094999442 678788159 1012018400 594244744524792320.00
1155087978 2333051643 1943221981 4133036172 -3433567338826034688.00
2429302133 1055118539 2129305925 181132297 4389085903437818880.00
2661148639 1537098883 986238010 1953978910 1662870888401705472.00
1395798307 2921369167 535556825 1005373914 -1225544831914712576.00
3831985100 296854378 2467986044 2184597145 13086979925815836672.00
3420530884 1749356166 1956067856 313225849 4903396721668632576.00
748088882 2101385633 3581728045 1093468198 -7270711392259707904.00
1408223590 1425933154 2901503785 380175726 -77076551234255840.00
893085959 314057316 1615849941 218838323 1403435097795127808.00
1335082033 1005843043 2025853544 2499086352 1000484957238167680.00
530046447 930092457 1642197710 380781441 -985431963236541568.00
1310566969 472432960 2269514828 3662958864 2853236335008027648.00
2945215759 1511477784 2365021250 2124505418 5086231163178311680.00
3654121175 1453067119 3530365349 1236851274 11655787454494283776.00
2685100531 3680967807 591553496 3680166833 -883663160862962688.00
1412909164 2298617070 3678970061 3395663872 -4887739310681684992.00
256449562 1710967436 314750260 1657357152 -686714822566194048.00
334006540 1656299029 2776323528 2919326419 -5506667628662371328.00
2470028861 837309356 2138645656 2186239957 5237712711695960064.00
4171281370 4191253416 4096866129 1731718043 -122734201649767008.00
479688315 1178129720 2656274794 3887214525 -2782878456904818176.00
1357301067 1619334526 1413689947 1672433214 -555651103624788160.00
1221564825 888685154 1229140369 3593235570 613733755448276608.00
3341662856 2502458680 1538267609 1775449757 1936380898786205440.00
129369358 933473085 1409397865 2067189712 -1699953118644945664.00
1366946790 175585703 3919535566 1571290729 7004373226120479744.00
183116225 3233489179 1630831544 3364012462 -7461966659774702592.00
1485253783 1689233092 2133597040 4228481637 -652814483414420992.00
771879743 3836263191 2004660158 2969165950 -9214571118030920704.00
2600425307 450007364 3308818188 1033422673 10673013001408284672.00
2634253762 3151630945 1796615021 3254466385 -1394291434518320128.00
